# Instrukcje.
# Napisane z myślą o bitmapie rozmiaru 600x400.

# Linia.
  # Linie poziome i pionowe.
    L 15  15 585 15  128 0 0
    L 585 15 585 385 128 0 0
    L 20  20 580 20  128 0 0
    L 580 20 580 380 128 0 0

  # Linie ukośne.
    L 10 390 180 360 128 0 0
    L 10 390 160 330 128 0 0
    L 10 390 140 300 128 0 0
    L 10 390 120 270 128 0 0

# Okrąg.
C 300 200 100 0 0 128

# Koło.
D 300 200 80 128 128 255

# Łuk.
A 300 200 120 0   30  100 100 100
A 300 200 120 40  90  100 100 100
A 300 200 120 160 200 100 100 100
A 300 200 120 210 330 100 100 100

# Wycinek koła - Pacman.
S 140 200 50 40 320 255 255 0

# Elipsa.
E 300 200 70 20 0 0 0
E 300 200 60 30 0 0 0
E 300 200 45 45 0 0 0
E 300 200 30 60 0 0 0
E 300 200 20 70 0 0 0

# Prostokąt.
R 10 10 590 390 100 192 1

# Wielokąt foremny.
P 520 60  3  35 40  40 128
P 520 110 4  35 40  40 128
P 520 170 5  35 40  40 128
P 520 240 6  35 40  40 128
P 460 325 12 30 128 80 80

# Błędy.
  # Nieznana instrukcja.
  # X 1 2 3

  # Niewłaściwa liczba argumentów.
  # C 1 2 3
  # C 1 2 3 4 5 6 7 8 9 10 11 12 13

  # Nieprawidłowy typ argumentu.
  # L 50 abc 50 150 128 0 0
  # L 50 100 50 150 -128 0 0
